ProID          JobId        InTimes       ProState        RunTime     InstrucNum   CurrentInsID     Instruc_ID       Instruc_State   Instruc_Times(ms)        Instruc_Addr
1              1             10              1              0             15                 1              1              2             50                     1912
                                                                                                            2              2             50                     2563
                                                                                                            3              1             10                     3688
                                                                                                            4              2             50                     4901
                                                                                                            5              2             50                     5910
                                                                                                            6              2             50                     6818
                                                                                                            7              1             20                     7536
                                                                                                            8              1             10                     8141
                                                                                                            9              2             50                     9836
                                                                                                           10              1             40                    10856
                                                                                                           11              1             30                    11350
                                                                                                           12              2             50                    12153
                                                                                                           13              1             40                    13518
                                                                                                           14              2             50                    14016
                                                                                                           15              1             10                    15981
2              2             10              1              0             15                 1              1              1             30                     1931
                                                                                                            2              1             20                     2131
                                                                                                            3              2             50                     3249
                                                                                                            4              2             50                     4081
                                                                                                            5              2             50                     5835
                                                                                                            6              2             50                     6312
                                                                                                            7              2             50                     7511
                                                                                                            8              2             50                     8518
                                                                                                            9              1             30                     9323
                                                                                                           10              2             50                    10103
                                                                                                           11              2             50                    11486
                                                                                                           12              1             30                    12916
                                                                                                           13              1             10                    13521
                                                                                                           14              2             50                    14002
                                                                                                           15              2             50                    15455
3              3             10              1              0             15                 1              1              2             50                     1934
                                                                                                            2              2             50                     2178
                                                                                                            3              1             10                     3109
                                                                                                            4              1             20                     4074
                                                                                                            5              2             50                     5136
                                                                                                            6              2             50                     6006
                                                                                                            7              1             30                     7701
                                                                                                            8              1             20                     8751
                                                                                                            9              1             20                     9411
                                                                                                           10              1             10                    10772
                                                                                                           11              1             10                    11003
                                                                                                           12              2             50                    12540
                                                                                                           13              2             50                    13773
                                                                                                           14              2             50                    14525
                                                                                                           15              1             10                    15777