ProID          JobId        InTimes       ProState        RunTime     InstrucNum   CurrentInsID     Instruc_ID       Instruc_State   Instruc_Times(ms)        Instruc_Addr
1              1             10              2            530             15                16              1              1             10                     1427
                                                                                                            2              2             50                     2594
                                                                                                            3              2             50                     3509
                                                                                                            4              1             10                     4801
                                                                                                            5              1             20                     5632
                                                                                                            6              1             20                     6117
                                                                                                            7              1             20                     7699
                                                                                                            8              2             50                     8526
                                                                                                            9              1             40                     9136
                                                                                                           10              2             50                    10127
                                                                                                           11              2             50                    11969
                                                                                                           12              2             50                    12541
                                                                                                           13              1             40                    13413
                                                                                                           14              1             20                    14407
                                                                                                           15              2             50                    15659
2              2             10              2            550             15                16              1              1             10                     1216
                                                                                                            2              1             40                     2677
                                                                                                            3              1             20                     3935
                                                                                                            4              2             50                     4700
                                                                                                            5              2             50                     5828
                                                                                                            6              2             50                     6298
                                                                                                            7              1             20                     7307
                                                                                                            8              2             50                     8179
                                                                                                            9              1             20                     9473
                                                                                                           10              1             40                    10012
                                                                                                           11              1             30                    11030
                                                                                                           12              1             40                    12286
                                                                                                           13              2             50                    13522
                                                                                                           14              2             50                    14555
                                                                                                           15              1             30                    15980
3              3             10              2            490             15                16              1              1             10                     1818
                                                                                                            2              2             50                     2540
                                                                                                            3              2             50                     3736
                                                                                                            4              1             20                     4912
                                                                                                            5              1             30                     5136
                                                                                                            6              2             50                     6421
                                                                                                            7              2             50                     7296
                                                                                                            8              1             40                     8380
                                                                                                            9              2             50                     9261
                                                                                                           10              1             10                    10920
                                                                                                           11              1             10                    11749
                                                                                                           12              1             10                    12824
                                                                                                           13              1             10                    13220
                                                                                                           14              2             50                    14440
                                                                                                           15              2             50                    15010