PageId        BlockId          Dwell
0             81              1
1             82              1
2             83              1
3             84              1
4             85              1
5             86              1
6             87              1
7             88              1
8             89              1
9             90              1
10             91              1
11             92              1
12             93              1
13             94              1
14             95              1
15             -1              0
16             -1              0
17             -1              0
18             -1              0
19             -1              0