PageId        BlockId          Dwell
0             65              1
1             66              1
2             67              1
3             68              1
4             69              1
5             70              1
6             71              1
7             72              1
8             73              1
9             74              1
10             75              1
11             76              1
12             77              1
13             78              1
14             79              1
15             80              1
16             -1              0
17             -1              0
18             -1              0
19             -1              0
20             -1              0