PageId        BlockId          Dwell
0             20              1
1             21              1
2             22              1
3             23              1
4             24              1
5             25              1
6             26              1
7             27              1
8             28              1
9             29              1
10             -1              0
11             -1              0
12             -1              0
13             -1              0
14             -1              0