PageId        BlockId          Dwell
0             48              1
1             49              1
2             50              1
3             51              1
4             52              1
5             53              1
6             54              1
7             55              1
8             56              1
9             57              1
10             58              1
11             59              1
12             60              1
13             61              1
14             62              1
15             63              1
16             64              1
17             -1              0
18             -1              0
19             -1              0
20             -1              0
21             -1              0