PageId        BlockId          Dwell
0             10              1
1             11              1
2             12              1
3             13              1
4             14              1
5             15              1
6             16              1
7             17              1
8             18              1
9             19              1
10             -1              0
11             -1              0
12             -1              0
13             -1              0
14             -1              0