作业还未进入内存时内存情况
-----------------------------------------------------------------
剩余空间（块）：100
已用空间（块）：0
内存物理块情况（第一个数：0为空闲，1为占用;第二个数：-1表示未分配给任何进程，其他数字表示占有改块的进程ID）:
0(0,-1)    1(0,-1)    2(0,-1)    3(0,-1)    4(0,-1)    5(0,-1)    6(0,-1)    7(0,-1)    8(0,-1)    9(0,-1)    
10(0,-1)    11(0,-1)    12(0,-1)    13(0,-1)    14(0,-1)    15(0,-1)    16(0,-1)    17(0,-1)    18(0,-1)    19(0,-1)    
20(0,-1)    21(0,-1)    22(0,-1)    23(0,-1)    24(0,-1)    25(0,-1)    26(0,-1)    27(0,-1)    28(0,-1)    29(0,-1)    
30(0,-1)    31(0,-1)    32(0,-1)    33(0,-1)    34(0,-1)    35(0,-1)    36(0,-1)    37(0,-1)    38(0,-1)    39(0,-1)    
40(0,-1)    41(0,-1)    42(0,-1)    43(0,-1)    44(0,-1)    45(0,-1)    46(0,-1)    47(0,-1)    48(0,-1)    49(0,-1)    
50(0,-1)    51(0,-1)    52(0,-1)    53(0,-1)    54(0,-1)    55(0,-1)    56(0,-1)    57(0,-1)    58(0,-1)    59(0,-1)    
60(0,-1)    61(0,-1)    62(0,-1)    63(0,-1)    64(0,-1)    65(0,-1)    66(0,-1)    67(0,-1)    68(0,-1)    69(0,-1)    
70(0,-1)    71(0,-1)    72(0,-1)    73(0,-1)    74(0,-1)    75(0,-1)    76(0,-1)    77(0,-1)    78(0,-1)    79(0,-1)    
80(0,-1)    81(0,-1)    82(0,-1)    83(0,-1)    84(0,-1)    85(0,-1)    86(0,-1)    87(0,-1)    88(0,-1)    89(0,-1)    
90(0,-1)    91(0,-1)    92(0,-1)    93(0,-1)    94(0,-1)    95(0,-1)    96(0,-1)    97(0,-1)    98(0,-1)    99(0,-1)    

作业初次调度后的内存情况
-----------------------------------------------------------------
剩余空间（块）：19
已用空间（块）：81
内存物理块情况（第一个数：0为空闲，1为占用;第二个数：-1表示未分配给任何进程，其他数字表示占有改块的进程ID）:
0(1,1)    1(1,1)    2(1,1)    3(1,1)    4(1,1)    5(1,1)    6(1,1)    7(1,1)    8(1,1)    9(1,1)    
10(1,2)    11(1,2)    12(1,2)    13(1,2)    14(1,2)    15(1,2)    16(1,2)    17(1,2)    18(1,2)    19(1,2)    
20(1,2)    21(1,2)    22(1,2)    23(1,2)    24(1,2)    25(1,2)    26(1,2)    27(1,3)    28(1,3)    29(1,3)    
30(1,3)    31(1,3)    32(1,3)    33(1,3)    34(1,3)    35(1,3)    36(1,3)    37(1,3)    38(1,3)    39(1,3)    
40(1,3)    41(1,3)    42(1,3)    43(1,4)    44(1,4)    45(1,4)    46(1,4)    47(1,4)    48(1,4)    49(1,4)    
50(1,4)    51(1,4)    52(1,4)    53(1,4)    54(1,4)    55(1,5)    56(1,5)    57(1,5)    58(1,5)    59(1,5)    
60(1,5)    61(1,5)    62(1,5)    63(1,5)    64(1,5)    65(1,5)    66(1,5)    67(1,5)    68(1,5)    69(1,5)    
70(1,6)    71(1,6)    72(1,6)    73(1,6)    74(1,6)    75(1,6)    76(1,6)    77(1,6)    78(1,6)    79(1,6)    
80(1,6)    81(0,-1)    82(0,-1)    83(0,-1)    84(0,-1)    85(0,-1)    86(0,-1)    87(0,-1)    88(0,-1)    89(0,-1)    
90(0,-1)    91(0,-1)    92(0,-1)    93(0,-1)    94(0,-1)    95(0,-1)    96(0,-1)    97(0,-1)    98(0,-1)    99(0,-1)    

作业1运行完成时内存状况
-----------------------------------------------------------------
剩余空间（块）：29
已用空间（块）：71
内存物理块情况（第一个数：0为空闲，1为占用;第二个数：-1表示未分配给任何进程，其他数字表示占有改块的进程ID）:
0(0,-1)    1(0,-1)    2(0,-1)    3(0,-1)    4(0,-1)    5(0,-1)    6(0,-1)    7(0,-1)    8(0,-1)    9(0,-1)    
10(1,2)    11(1,2)    12(1,2)    13(1,2)    14(1,2)    15(1,2)    16(1,2)    17(1,2)    18(1,2)    19(1,2)    
20(1,2)    21(1,2)    22(1,2)    23(1,2)    24(1,2)    25(1,2)    26(1,2)    27(1,3)    28(1,3)    29(1,3)    
30(1,3)    31(1,3)    32(1,3)    33(1,3)    34(1,3)    35(1,3)    36(1,3)    37(1,3)    38(1,3)    39(1,3)    
40(1,3)    41(1,3)    42(1,3)    43(1,4)    44(1,4)    45(1,4)    46(1,4)    47(1,4)    48(1,4)    49(1,4)    
50(1,4)    51(1,4)    52(1,4)    53(1,4)    54(1,4)    55(1,5)    56(1,5)    57(1,5)    58(1,5)    59(1,5)    
60(1,5)    61(1,5)    62(1,5)    63(1,5)    64(1,5)    65(1,5)    66(1,5)    67(1,5)    68(1,5)    69(1,5)    
70(1,6)    71(1,6)    72(1,6)    73(1,6)    74(1,6)    75(1,6)    76(1,6)    77(1,6)    78(1,6)    79(1,6)    
80(1,6)    81(0,-1)    82(0,-1)    83(0,-1)    84(0,-1)    85(0,-1)    86(0,-1)    87(0,-1)    88(0,-1)    89(0,-1)    
90(0,-1)    91(0,-1)    92(0,-1)    93(0,-1)    94(0,-1)    95(0,-1)    96(0,-1)    97(0,-1)    98(0,-1)    99(0,-1)    

作业6运行完成时内存状况
-----------------------------------------------------------------
剩余空间（块）：20
已用空间（块）：80
内存物理块情况（第一个数：0为空闲，1为占用;第二个数：-1表示未分配给任何进程，其他数字表示占有改块的进程ID）:
0(1,7)    1(1,7)    2(1,7)    3(1,7)    4(1,7)    5(1,7)    6(1,7)    7(1,7)    8(1,7)    9(1,7)    
10(1,2)    11(1,2)    12(1,2)    13(1,2)    14(1,2)    15(1,2)    16(1,2)    17(1,2)    18(1,2)    19(1,2)    
20(1,2)    21(1,2)    22(1,2)    23(1,2)    24(1,2)    25(1,2)    26(1,2)    27(1,3)    28(1,3)    29(1,3)    
30(1,3)    31(1,3)    32(1,3)    33(1,3)    34(1,3)    35(1,3)    36(1,3)    37(1,3)    38(1,3)    39(1,3)    
40(1,3)    41(1,3)    42(1,3)    43(1,4)    44(1,4)    45(1,4)    46(1,4)    47(1,4)    48(1,4)    49(1,4)    
50(1,4)    51(1,4)    52(1,4)    53(1,4)    54(1,4)    55(1,5)    56(1,5)    57(1,5)    58(1,5)    59(1,5)    
60(1,5)    61(1,5)    62(1,5)    63(1,5)    64(1,5)    65(1,5)    66(1,5)    67(1,5)    68(1,5)    69(1,5)    
70(0,-1)    71(0,-1)    72(0,-1)    73(0,-1)    74(0,-1)    75(0,-1)    76(0,-1)    77(0,-1)    78(0,-1)    79(0,-1)    
80(0,-1)    81(1,7)    82(1,7)    83(1,7)    84(1,7)    85(1,7)    86(1,7)    87(1,7)    88(1,7)    89(1,7)    
90(1,7)    91(0,-1)    92(0,-1)    93(0,-1)    94(0,-1)    95(0,-1)    96(0,-1)    97(0,-1)    98(0,-1)    99(0,-1)    

作业4运行完成时内存状况
-----------------------------------------------------------------
剩余空间（块）：20
已用空间（块）：80
内存物理块情况（第一个数：0为空闲，1为占用;第二个数：-1表示未分配给任何进程，其他数字表示占有改块的进程ID）:
0(1,7)    1(1,7)    2(1,7)    3(1,7)    4(1,7)    5(1,7)    6(1,7)    7(1,7)    8(1,7)    9(1,7)    
10(1,2)    11(1,2)    12(1,2)    13(1,2)    14(1,2)    15(1,2)    16(1,2)    17(1,2)    18(1,2)    19(1,2)    
20(1,2)    21(1,2)    22(1,2)    23(1,2)    24(1,2)    25(1,2)    26(1,2)    27(1,3)    28(1,3)    29(1,3)    
30(1,3)    31(1,3)    32(1,3)    33(1,3)    34(1,3)    35(1,3)    36(1,3)    37(1,3)    38(1,3)    39(1,3)    
40(1,3)    41(1,3)    42(1,3)    43(0,-1)    44(0,-1)    45(0,-1)    46(0,-1)    47(0,-1)    48(0,-1)    49(0,-1)    
50(0,-1)    51(0,-1)    52(0,-1)    53(0,-1)    54(0,-1)    55(1,5)    56(1,5)    57(1,5)    58(1,5)    59(1,5)    
60(1,5)    61(1,5)    62(1,5)    63(1,5)    64(1,5)    65(1,5)    66(1,5)    67(1,5)    68(1,5)    69(1,5)    
70(1,8)    71(1,8)    72(1,8)    73(1,8)    74(1,8)    75(1,8)    76(1,8)    77(1,8)    78(1,8)    79(1,8)    
80(1,8)    81(1,7)    82(1,7)    83(1,7)    84(1,7)    85(1,7)    86(1,7)    87(1,7)    88(1,7)    89(1,7)    
90(1,7)    91(1,8)    92(0,-1)    93(0,-1)    94(0,-1)    95(0,-1)    96(0,-1)    97(0,-1)    98(0,-1)    99(0,-1)    

作业5运行完成时内存状况
-----------------------------------------------------------------
剩余空间（块）：22
已用空间（块）：78
内存物理块情况（第一个数：0为空闲，1为占用;第二个数：-1表示未分配给任何进程，其他数字表示占有改块的进程ID）:
0(1,7)    1(1,7)    2(1,7)    3(1,7)    4(1,7)    5(1,7)    6(1,7)    7(1,7)    8(1,7)    9(1,7)    
10(1,2)    11(1,2)    12(1,2)    13(1,2)    14(1,2)    15(1,2)    16(1,2)    17(1,2)    18(1,2)    19(1,2)    
20(1,2)    21(1,2)    22(1,2)    23(1,2)    24(1,2)    25(1,2)    26(1,2)    27(1,3)    28(1,3)    29(1,3)    
30(1,3)    31(1,3)    32(1,3)    33(1,3)    34(1,3)    35(1,3)    36(1,3)    37(1,3)    38(1,3)    39(1,3)    
40(1,3)    41(1,3)    42(1,3)    43(1,9)    44(1,9)    45(1,9)    46(1,9)    47(1,9)    48(1,9)    49(1,9)    
50(1,9)    51(1,9)    52(1,9)    53(1,9)    54(1,9)    55(0,-1)    56(0,-1)    57(0,-1)    58(0,-1)    59(0,-1)    
60(0,-1)    61(0,-1)    62(0,-1)    63(0,-1)    64(0,-1)    65(0,-1)    66(0,-1)    67(0,-1)    68(0,-1)    69(0,-1)    
70(1,8)    71(1,8)    72(1,8)    73(1,8)    74(1,8)    75(1,8)    76(1,8)    77(1,8)    78(1,8)    79(1,8)    
80(1,8)    81(1,7)    82(1,7)    83(1,7)    84(1,7)    85(1,7)    86(1,7)    87(1,7)    88(1,7)    89(1,7)    
90(1,7)    91(1,8)    92(1,9)    93(0,-1)    94(0,-1)    95(0,-1)    96(0,-1)    97(0,-1)    98(0,-1)    99(0,-1)    

作业3运行完成时内存状况
-----------------------------------------------------------------
剩余空间（块）：22
已用空间（块）：78
内存物理块情况（第一个数：0为空闲，1为占用;第二个数：-1表示未分配给任何进程，其他数字表示占有改块的进程ID）:
0(1,7)    1(1,7)    2(1,7)    3(1,7)    4(1,7)    5(1,7)    6(1,7)    7(1,7)    8(1,7)    9(1,7)    
10(1,2)    11(1,2)    12(1,2)    13(1,2)    14(1,2)    15(1,2)    16(1,2)    17(1,2)    18(1,2)    19(1,2)    
20(1,2)    21(1,2)    22(1,2)    23(1,2)    24(1,2)    25(1,2)    26(1,2)    27(0,-1)    28(0,-1)    29(0,-1)    
30(0,-1)    31(0,-1)    32(0,-1)    33(0,-1)    34(0,-1)    35(0,-1)    36(0,-1)    37(0,-1)    38(0,-1)    39(0,-1)    
40(0,-1)    41(0,-1)    42(0,-1)    43(1,9)    44(1,9)    45(1,9)    46(1,9)    47(1,9)    48(1,9)    49(1,9)    
50(1,9)    51(1,9)    52(1,9)    53(1,9)    54(1,9)    55(1,10)    56(1,10)    57(1,10)    58(1,10)    59(1,10)    
60(1,10)    61(1,10)    62(1,10)    63(1,10)    64(1,10)    65(1,10)    66(1,10)    67(1,10)    68(1,10)    69(1,10)    
70(1,8)    71(1,8)    72(1,8)    73(1,8)    74(1,8)    75(1,8)    76(1,8)    77(1,8)    78(1,8)    79(1,8)    
80(1,8)    81(1,7)    82(1,7)    83(1,7)    84(1,7)    85(1,7)    86(1,7)    87(1,7)    88(1,7)    89(1,7)    
90(1,7)    91(1,8)    92(1,9)    93(1,10)    94(0,-1)    95(0,-1)    96(0,-1)    97(0,-1)    98(0,-1)    99(0,-1)    

作业2运行完成时内存状况
-----------------------------------------------------------------
剩余空间（块）：39
已用空间（块）：61
内存物理块情况（第一个数：0为空闲，1为占用;第二个数：-1表示未分配给任何进程，其他数字表示占有改块的进程ID）:
0(1,7)    1(1,7)    2(1,7)    3(1,7)    4(1,7)    5(1,7)    6(1,7)    7(1,7)    8(1,7)    9(1,7)    
10(0,-1)    11(0,-1)    12(0,-1)    13(0,-1)    14(0,-1)    15(0,-1)    16(0,-1)    17(0,-1)    18(0,-1)    19(0,-1)    
20(0,-1)    21(0,-1)    22(0,-1)    23(0,-1)    24(0,-1)    25(0,-1)    26(0,-1)    27(0,-1)    28(0,-1)    29(0,-1)    
30(0,-1)    31(0,-1)    32(0,-1)    33(0,-1)    34(0,-1)    35(0,-1)    36(0,-1)    37(0,-1)    38(0,-1)    39(0,-1)    
40(0,-1)    41(0,-1)    42(0,-1)    43(1,9)    44(1,9)    45(1,9)    46(1,9)    47(1,9)    48(1,9)    49(1,9)    
50(1,9)    51(1,9)    52(1,9)    53(1,9)    54(1,9)    55(1,10)    56(1,10)    57(1,10)    58(1,10)    59(1,10)    
60(1,10)    61(1,10)    62(1,10)    63(1,10)    64(1,10)    65(1,10)    66(1,10)    67(1,10)    68(1,10)    69(1,10)    
70(1,8)    71(1,8)    72(1,8)    73(1,8)    74(1,8)    75(1,8)    76(1,8)    77(1,8)    78(1,8)    79(1,8)    
80(1,8)    81(1,7)    82(1,7)    83(1,7)    84(1,7)    85(1,7)    86(1,7)    87(1,7)    88(1,7)    89(1,7)    
90(1,7)    91(1,8)    92(1,9)    93(1,10)    94(0,-1)    95(0,-1)    96(0,-1)    97(0,-1)    98(0,-1)    99(0,-1)    

作业8运行完成时内存状况
-----------------------------------------------------------------
剩余空间（块）：51
已用空间（块）：49
内存物理块情况（第一个数：0为空闲，1为占用;第二个数：-1表示未分配给任何进程，其他数字表示占有改块的进程ID）:
0(1,7)    1(1,7)    2(1,7)    3(1,7)    4(1,7)    5(1,7)    6(1,7)    7(1,7)    8(1,7)    9(1,7)    
10(0,-1)    11(0,-1)    12(0,-1)    13(0,-1)    14(0,-1)    15(0,-1)    16(0,-1)    17(0,-1)    18(0,-1)    19(0,-1)    
20(0,-1)    21(0,-1)    22(0,-1)    23(0,-1)    24(0,-1)    25(0,-1)    26(0,-1)    27(0,-1)    28(0,-1)    29(0,-1)    
30(0,-1)    31(0,-1)    32(0,-1)    33(0,-1)    34(0,-1)    35(0,-1)    36(0,-1)    37(0,-1)    38(0,-1)    39(0,-1)    
40(0,-1)    41(0,-1)    42(0,-1)    43(1,9)    44(1,9)    45(1,9)    46(1,9)    47(1,9)    48(1,9)    49(1,9)    
50(1,9)    51(1,9)    52(1,9)    53(1,9)    54(1,9)    55(1,10)    56(1,10)    57(1,10)    58(1,10)    59(1,10)    
60(1,10)    61(1,10)    62(1,10)    63(1,10)    64(1,10)    65(1,10)    66(1,10)    67(1,10)    68(1,10)    69(1,10)    
70(0,-1)    71(0,-1)    72(0,-1)    73(0,-1)    74(0,-1)    75(0,-1)    76(0,-1)    77(0,-1)    78(0,-1)    79(0,-1)    
80(0,-1)    81(1,7)    82(1,7)    83(1,7)    84(1,7)    85(1,7)    86(1,7)    87(1,7)    88(1,7)    89(1,7)    
90(1,7)    91(0,-1)    92(1,9)    93(1,10)    94(0,-1)    95(0,-1)    96(0,-1)    97(0,-1)    98(0,-1)    99(0,-1)    

作业9运行完成时内存状况
-----------------------------------------------------------------
剩余空间（块）：64
已用空间（块）：36
内存物理块情况（第一个数：0为空闲，1为占用;第二个数：-1表示未分配给任何进程，其他数字表示占有改块的进程ID）:
0(1,7)    1(1,7)    2(1,7)    3(1,7)    4(1,7)    5(1,7)    6(1,7)    7(1,7)    8(1,7)    9(1,7)    
10(0,-1)    11(0,-1)    12(0,-1)    13(0,-1)    14(0,-1)    15(0,-1)    16(0,-1)    17(0,-1)    18(0,-1)    19(0,-1)    
20(0,-1)    21(0,-1)    22(0,-1)    23(0,-1)    24(0,-1)    25(0,-1)    26(0,-1)    27(0,-1)    28(0,-1)    29(0,-1)    
30(0,-1)    31(0,-1)    32(0,-1)    33(0,-1)    34(0,-1)    35(0,-1)    36(0,-1)    37(0,-1)    38(0,-1)    39(0,-1)    
40(0,-1)    41(0,-1)    42(0,-1)    43(0,-1)    44(0,-1)    45(0,-1)    46(0,-1)    47(0,-1)    48(0,-1)    49(0,-1)    
50(0,-1)    51(0,-1)    52(0,-1)    53(0,-1)    54(0,-1)    55(1,10)    56(1,10)    57(1,10)    58(1,10)    59(1,10)    
60(1,10)    61(1,10)    62(1,10)    63(1,10)    64(1,10)    65(1,10)    66(1,10)    67(1,10)    68(1,10)    69(1,10)    
70(0,-1)    71(0,-1)    72(0,-1)    73(0,-1)    74(0,-1)    75(0,-1)    76(0,-1)    77(0,-1)    78(0,-1)    79(0,-1)    
80(0,-1)    81(1,7)    82(1,7)    83(1,7)    84(1,7)    85(1,7)    86(1,7)    87(1,7)    88(1,7)    89(1,7)    
90(1,7)    91(0,-1)    92(0,-1)    93(1,10)    94(0,-1)    95(0,-1)    96(0,-1)    97(0,-1)    98(0,-1)    99(0,-1)    

