ProID          JobId        InTimes       ProState        RunTime     InstrucNum   CurrentInsID     Instruc_ID       Instruc_State   Instruc_Times(ms)        Instruc_Addr
1              1             10              1              0             19                 1              1              2             50                     1337
                                                                                                            2              2             50                     2838
                                                                                                            3              2             50                     3059
                                                                                                            4              2             50                     4039
                                                                                                            5              1             40                     5465
                                                                                                            6              1             30                     6639
                                                                                                            7              2             50                     7340
                                                                                                            8              1             20                     8521
                                                                                                            9              2             50                     9925
                                                                                                           10              1             30                    10224
                                                                                                           11              2             50                    11101
                                                                                                           12              2             50                    12493
                                                                                                           13              1             10                    13201
                                                                                                           14              2             50                    14893
                                                                                                           15              1             30                    15257
                                                                                                           16              2             50                    16341
                                                                                                           17              1             30                    17863
                                                                                                           18              1             10                    18484
                                                                                                           19              1             20                    19733
2              2             10              1              0             22                 1              1              2             50                     1185
                                                                                                            2              2             50                     2877
                                                                                                            3              1             20                     3262
                                                                                                            4              2             50                     4393
                                                                                                            5              1             40                     5467
                                                                                                            6              1             20                     6705
                                                                                                            7              2             50                     7681
                                                                                                            8              1             40                     8341
                                                                                                            9              2             50                     9624
                                                                                                           10              2             50                    10124
                                                                                                           11              2             50                    11234
                                                                                                           12              1             30                    12234
                                                                                                           13              2             50                    13907
                                                                                                           14              1             30                    14632
                                                                                                           15              1             30                    15927
                                                                                                           16              2             50                    16312
                                                                                                           17              2             50                    17332
                                                                                                           18              1             40                    18843
                                                                                                           19              2             50                    19048
                                                                                                           20              1             20                    20813
                                                                                                           21              1             10                    21510
                                                                                                           22              2             50                    22162
3              3             10              1              0             17                 1              1              2             50                     1980
                                                                                                            2              2             50                     2465
                                                                                                            3              1             40                     3028
                                                                                                            4              2             50                     4664
                                                                                                            5              2             50                     5444
                                                                                                            6              1             30                     6840
                                                                                                            7              1             10                     7724
                                                                                                            8              2             50                     8826
                                                                                                            9              1             40                     9159
                                                                                                           10              2             50                    10292
                                                                                                           11              2             50                    11701
                                                                                                           12              1             20                    12098
                                                                                                           13              2             50                    13574
                                                                                                           14              2             50                    14159
                                                                                                           15              1             20                    15588
                                                                                                           16              1             40                    16825
                                                                                                           17              2             50                    17990
4              4             10              1              0             24                 1              1              2             50                     1490
                                                                                                            2              2             50                     2583
                                                                                                            3              2             50                     3786
                                                                                                            4              1             30                     4051
                                                                                                            5              2             50                     5465
                                                                                                            6              1             20                     6623
                                                                                                            7              2             50                     7860
                                                                                                            8              1             10                     8415
                                                                                                            9              1             20                     9592
                                                                                                           10              1             20                    10142
                                                                                                           11              1             10                    11267
                                                                                                           12              1             20                    12626
                                                                                                           13              1             10                    13393
                                                                                                           14              2             50                    14902
                                                                                                           15              2             50                    15292
                                                                                                           16              2             50                    16586
                                                                                                           17              2             50                    17974
                                                                                                           18              1             40                    18022
                                                                                                           19              1             40                    19453
                                                                                                           20              1             30                    20767
                                                                                                           21              1             10                    21587
                                                                                                           22              1             30                    22200
                                                                                                           23              2             50                    23736
                                                                                                           24              2             50                    24331
5              5             10              1              0             18                 1              1              2             50                     1780
                                                                                                            2              1             10                     2024
                                                                                                            3              1             20                     3775
                                                                                                            4              2             50                     4740
                                                                                                            5              2             50                     5576
                                                                                                            6              1             40                     6488
                                                                                                            7              1             20                     7143
                                                                                                            8              1             40                     8044
                                                                                                            9              1             20                     9168
                                                                                                           10              1             10                    10640
                                                                                                           11              2             50                    11091
                                                                                                           12              1             40                    12043
                                                                                                           13              2             50                    13131
                                                                                                           14              1             20                    14432
                                                                                                           15              1             20                    15752
                                                                                                           16              1             10                    16377
                                                                                                           17              1             10                    17385
                                                                                                           18              1             20                    18838
6              6             10              1              0             18                 1              1              1             40                     1482
                                                                                                            2              1             40                     2723
                                                                                                            3              2             50                     3631
                                                                                                            4              1             10                     4861
                                                                                                            5              1             20                     5829
                                                                                                            6              2             50                     6288
                                                                                                            7              1             40                     7905
                                                                                                            8              1             40                     8007
                                                                                                            9              2             50                     9722
                                                                                                           10              2             50                    10223
                                                                                                           11              2             50                    11799
                                                                                                           12              1             40                    12802
                                                                                                           13              1             40                    13784
                                                                                                           14              2             50                    14631
                                                                                                           15              1             30                    15094
                                                                                                           16              2             50                    16036
                                                                                                           17              2             50                    17168
                                                                                                           18              2             50                    18246
7              7             10              1              0             15                 1              1              2             50                     1888
                                                                                                            2              2             50                     2234
                                                                                                            3              2             50                     3072
                                                                                                            4              2             50                     4555
                                                                                                            5              2             50                     5901
                                                                                                            6              1             30                     6472
                                                                                                            7              1             20                     7237
                                                                                                            8              2             50                     8006
                                                                                                            9              2             50                     9343
                                                                                                           10              2             50                    10948
                                                                                                           11              1             40                    11026
                                                                                                           12              2             50                    12809
                                                                                                           13              1             40                    13385
                                                                                                           14              2             50                    14187
                                                                                                           15              2             50                    15909