ProID          JobId        InTimes       ProState        RunTime     InstrucNum            PSW     Instruc_ID       Instruc_State   Instruc_Times(ms)        Instruc_Addr
1              1             10              2            640             16                17              1              2             50                     1006
                                                                                                            2              2             50                     2920
                                                                                                            3              1             40                     3542
                                                                                                            4              1             40                     4069
                                                                                                            5              2             50                     5049
                                                                                                            6              1             40                     6593
                                                                                                            7              2             50                     7760
                                                                                                            8              1             10                     8577
                                                                                                            9              2             50                     9349
                                                                                                           10              1             40                    10350
                                                                                                           11              2             50                    11502
                                                                                                           12              2             50                    12865
                                                                                                           13              1             10                    13926
                                                                                                           14              1             10                    14876
                                                                                                           15              2             50                    15937
                                                                                                           16              2             50                    16525
2              2             10              2            590             16                17              1              1             10                     1892
                                                                                                            2              2             50                     2175
                                                                                                            3              1             40                     3609
                                                                                                            4              2             50                     4383
                                                                                                            5              1             10                     5835
                                                                                                            6              1             30                     6008
                                                                                                            7              2             50                     7585
                                                                                                            8              2             50                     8772
                                                                                                            9              2             50                     9768
                                                                                                           10              2             50                    10768
                                                                                                           11              1             30                    11156
                                                                                                           12              1             30                    12806
                                                                                                           13              1             10                    13714
                                                                                                           14              2             50                    14112
                                                                                                           15              1             40                    15113
                                                                                                           16              1             40                    16023
3              3             10              2            770             23                24              1              2             50                     1385
                                                                                                            2              1             10                     2779
                                                                                                            3              1             30                     3148
                                                                                                            4              1             10                     4254
                                                                                                            5              1             30                     5610
                                                                                                            6              1             10                     6129
                                                                                                            7              1             40                     7170
                                                                                                            8              1             30                     8451
                                                                                                            9              1             10                     9665
                                                                                                           10              1             10                    10131
                                                                                                           11              2             50                    11999
                                                                                                           12              1             40                    12054
                                                                                                           13              2             50                    13477
                                                                                                           14              1             20                    14559
                                                                                                           15              1             20                    15787
                                                                                                           16              2             50                    16157
                                                                                                           17              2             50                    17191
                                                                                                           18              1             30                    18656
                                                                                                           19              2             50                    19225
                                                                                                           20              1             40                    20757
                                                                                                           21              2             50                    21467
                                                                                                           22              2             50                    22319
                                                                                                           23              1             40                    23773
4              4             10              2            800             18                19              1              1             20                     1083
                                                                                                            2              2             50                     2057
                                                                                                            3              2             50                     3661
                                                                                                            4              2             50                     4635
                                                                                                            5              2             50                     5600
                                                                                                            6              2             50                     6322
                                                                                                            7              2             50                     7482
                                                                                                            8              2             50                     8242
                                                                                                            9              2             50                     9957
                                                                                                           10              1             20                    10397
                                                                                                           11              2             50                    11412
                                                                                                           12              1             40                    12193
                                                                                                           13              2             50                    13210
                                                                                                           14              1             40                    14822
                                                                                                           15              2             50                    15037
                                                                                                           16              2             50                    16552
                                                                                                           17              1             30                    17614
                                                                                                           18              2             50                    18229
5              5             10              2            890             23                24              1              1             20                     1003
                                                                                                            2              2             50                     2034
                                                                                                            3              1             40                     3443
                                                                                                            4              2             50                     4455
                                                                                                            5              1             30                     5336
                                                                                                            6              1             30                     6675
                                                                                                            7              2             50                     7943
                                                                                                            8              2             50                     8770
                                                                                                            9              1             20                     9527
                                                                                                           10              1             30                    10130
                                                                                                           11              2             50                    11286
                                                                                                           12              1             20                    12465
                                                                                                           13              2             50                    13551
                                                                                                           14              2             50                    14377
                                                                                                           15              2             50                    15640
                                                                                                           16              1             30                    16386
                                                                                                           17              1             10                    17344
                                                                                                           18              2             50                    18130
                                                                                                           19              1             20                    19337
                                                                                                           20              2             50                    20285
                                                                                                           21              1             40                    21989
                                                                                                           22              2             50                    22759
                                                                                                           23              2             50                    23673
6              6             10              2            540             15                16              1              2             50                     1066
                                                                                                            2              1             10                     2916
                                                                                                            3              1             10                     3588
                                                                                                            4              1             30                     4743
                                                                                                            5              1             20                     5869
                                                                                                            6              2             50                     6203
                                                                                                            7              1             10                     7082
                                                                                                            8              2             50                     8660
                                                                                                            9              2             50                     9776
                                                                                                           10              2             50                    10661
                                                                                                           11              2             50                    11858
                                                                                                           12              2             50                    12222
                                                                                                           13              1             30                    13774
                                                                                                           14              1             40                    14894
                                                                                                           15              1             40                    15036
7              7             10              2            840             22                23              1              1             10                     1511
                                                                                                            2              2             50                     2315
                                                                                                            3              2             50                     3652
                                                                                                            4              2             50                     4322
                                                                                                            5              1             30                     5565
                                                                                                            6              1             40                     6726
                                                                                                            7              2             50                     7991
                                                                                                            8              2             50                     8220
                                                                                                            9              1             20                     9869
                                                                                                           10              2             50                    10916
                                                                                                           11              1             20                    11166
                                                                                                           12              2             50                    12645
                                                                                                           13              1             30                    13344
                                                                                                           14              1             20                    14754
                                                                                                           15              1             10                    15685
                                                                                                           16              2             50                    16404
                                                                                                           17              2             50                    17410
                                                                                                           18              1             30                    18945
                                                                                                           19              2             50                    19755
                                                                                                           20              1             30                    20564
                                                                                                           21              2             50                    21357
                                                                                                           22              2             50                    22363
8              8             10              2            930             25                26              1              2             50                     1467
                                                                                                            2              1             10                     2169
                                                                                                            3              1             30                     3358
                                                                                                            4              1             10                     4705
                                                                                                            5              2             50                     5281
                                                                                                            6              2             50                     6961
                                                                                                            7              2             50                     7995
                                                                                                            8              1             40                     8436
                                                                                                            9              2             50                     9604
                                                                                                           10              1             20                    10292
                                                                                                           11              1             20                    11716
                                                                                                           12              1             40                    12447
                                                                                                           13              1             40                    13538
                                                                                                           14              2             50                    14912
                                                                                                           15              2             50                    15299
                                                                                                           16              2             50                    16894
                                                                                                           17              2             50                    17811
                                                                                                           18              1             20                    18673
                                                                                                           19              1             20                    19711
                                                                                                           20              2             50                    20868
                                                                                                           21              2             50                    21644
                                                                                                           22              1             20                    22037
                                                                                                           23              2             50                    23723
                                                                                                           24              2             50                    24529
                                                                                                           25              1             10                    25035
9              9             10              2            690             18                19              1              1             30                     1288
                                                                                                            2              1             10                     2942
                                                                                                            3              1             10                     3446
                                                                                                            4              2             50                     4890
                                                                                                            5              2             50                     5370
                                                                                                            6              1             30                     6101
                                                                                                            7              2             50                     7548
                                                                                                            8              2             50                     8623
                                                                                                            9              1             30                     9756
                                                                                                           10              1             30                    10376
                                                                                                           11              2             50                    11308
                                                                                                           12              1             40                    12626
                                                                                                           13              2             50                    13537
                                                                                                           14              1             30                    14082
                                                                                                           15              2             50                    15541
                                                                                                           16              2             50                    16115
                                                                                                           17              2             50                    17658
                                                                                                           18              1             30                    18977
10             10             10              2            770             18                19              1              1             20                     1386
                                                                                                            2              2             50                     2745
                                                                                                            3              1             10                     3270
                                                                                                            4              2             50                     4777
                                                                                                            5              2             50                     5097
                                                                                                            6              1             30                     6290
                                                                                                            7              2             50                     7636
                                                                                                            8              2             50                     8767
                                                                                                            9              2             50                     9574
                                                                                                           10              2             50                    10052
                                                                                                           11              1             30                    11941
                                                                                                           12              1             30                    12430
                                                                                                           13              2             50                    13191
                                                                                                           14              2             50                    14337
                                                                                                           15              2             50                    15287
                                                                                                           16              2             50                    16383
                                                                                                           17              2             50                    17909
                                                                                                           18              2             50                    18758