PageId        BlockId          Dwell        Yinyong         Modifi
0             55              1              0              0             
1             56              1              0              0             
2             57              1              0              0             
3             58              1              0              0             
4             59              1              0              0             
5             60              1              0              0             
6             61              1              0              0             
7             62              1              0              0             
8             63              1              0              0             
9             64              1              0              0             
10             65              1              0              0             
11             66              1              0              0             
12             67              1              0              0             
13             68              1              0              0             
14             69              1              0              0             
15             55              1              0              0             
16             -1              0              0              0             
17             -1              0              0              0             
18             -1              0              0              0             
19             -1              0              0              0             
20             -1              0              0              0