PageId        BlockId          Dwell        Yinyong         Modifi
0             27              1              0              0             
1             28              1              0              0             
2             29              1              0              0             
3             30              1              0              0             
4             31              1              0              0             
5             32              1              0              0             
6             33              1              0              0             
7             34              1              0              0             
8             35              1              0              0             
9             36              1              0              0             
10             37              1              0              0             
11             38              1              0              0             
12             39              1              0              0             
13             40              1              0              0             
14             41              1              0              0             
15             27              1              0              0             
16             28              1              0              0             
17             29              1              0              0             
18             30              1              0              0             
19             31              1              0              0             
20             32              1              0              0