PageId        BlockId          Dwell        Yinyong         Modifi
0              0              1              0              0             
1              1              1              0              0             
2              2              1              0              0             
3              3              1              0              0             
4              4              1              0              0             
5              5              1              0              0             
6              6              1              0              0             
7              7              1              0              0             
8              8              1              0              0             
9              9              1              0              0             
10             81              1              0              0             
11             82              1              0              0             
12             83              1              0              0             
13             84              1              0              0             
14             85              1              0              0             
15             86              1              0              0             
16             87              1              0              0             
17             88              1              0              0             
18             89              1              0              0             
19              0              1              0              0             
20              1              1              0              0             
21             -1              0              0              0             
22             -1              0              0              0             
23             -1              0              0              0             
24             -1              0              0              0