PageId        BlockId          Dwell        Yinyong         Modifi
0             70              1              0              0             
1             71              1              0              0             
2             72              1              0              0             
3             73              1              0              0             
4             74              1              0              0             
5             75              1              0              0             
6             76              1              0              0             
7             77              1              0              0             
8             78              1              0              0             
9             79              1              0              0             
10             80              1              0              0             
11             70              1              0              0             
12             71              1              0              0             
13             72              1              0              0             
14             73              1              0              0             
15             74              1              0              0             
16             75              1              0              0