PageId        BlockId          Dwell        Yinyong         Modifi
0             11              1              0              0             
1             12              1              0              0             
2             13              1              0              0             
3             14              1              0              0             
4             15              1              0              0             
5             16              1              0              0             
6             17              1              0              0             
7             18              1              0              0             
8             19              1              0              0             
9             20              1              0              0             
10             21              1              0              0             
11             22              1              0              0             
12             23              1              0              0             
13             24              1              0              0             
14              5              1              0              0             
15             92              1              0              0             
16             79              1              0              0             
17             66              1              0              0             
18             53              1              0              0             
19             40              1              0              0