PageId        BlockId          Dwell        Yinyong         Modifi
0             16              1              0              0             
1             17              1              0              0             
2             18              1              0              0             
3             19              1              0              0             
4             20              1              0              0             
5             21              1              0              0             
6             22              1              0              0             
7             23              1              0              0             
8             24              1              0              0             
9             25              1              0              0             
10             26              1              0              0             
11             27              1              0              0             
12             28              1              0              0             
13             29              1              0              0             
14             30              1              0              0             
15             31              1              0              0             
16             -1              0              0              0             
17             -1              0              0              0             
18             -1              0              0              0             
19             -1              0              0              0             
20             -1              0              0              0