PageId        BlockId          Dwell
0             75              1
1             76              1
2             77              1
3             78              1
4             79              1
5             80              1
6             81              1
7             82              1
8             83              1
9             84              1
10             85              1
11             86              1
12             87              1
13             -1              0
14             -1              0
15             -1              0
16             -1              0
17             -1              0